known.mutations <- list(
  RIF = c(760243,760948,761275,761317,761320,761326,761329,761332,
          761335,761338,761341,761344,761347,761350,761353,761356,
          761359,761362,761368,761371,761374,761377,761380,761383,
          761386,761389,761398,761404,761410,761419,761428,761440,
          761464,761488,761491,761497,761518,761521,761527,761671,
          761704,761821,4247469,4247511),
  INH = c(156515,156555,157050,409121,410027,410845,411120,
          412448,413004,1673293,1673348,1673373,1673416,1673423,
          1673424,1673425,1673429,1673432,1673435,1673453,1673480,
          1673501,1674226,1674249,1674263,1674264,1674342,1674435,
          1674482,1674483,1674485,1674486,1674783,1674806,1674851,
          1792371,1792525,1793689,2006646,2153888,2153890,2153891,
          2153893,2153919,2153920,2153923,2153939,2153945,2153987,
          2153992,2153998,2154003,2154032,2154038,2154070,2154074,
          2154078,2154084,2154082,2154085,2154101,2154103,2154109,
          2154110,2154141,2154142,2154152,2154159,2154160,2154170,
          2154170,2154185,2154200,2154200,2154206,2154208,2154210,
          2154211,2154213,2154215,2154218,2154239,2154250,2154251,
          2154261,2154262,2154267,2154269,2154273,2154301,2154302,
          2154302,2154304,2154308,2154307,2154309,2154312,2154314,
          2154317,2154332,2154332,2154353,2154353,2154368,2154373,
          2154395,2154403,2154404,2154417,2154428,2154446,2154460,
          2154461,2154472,2154483,2154487,2154543,2154559,2154559,
          2154575,2154578,2154590,2154589,2154596,2154603,2154612,
          2154616,2154634,2154641,2154643,2154659,2154660,2154662,
          2154674,2154679,2154709,2154712,2154725,2154731,2154743,
          2154756,2154760,2154773,2154779,2154784,2154785,2154787,
          2154795,2154800,2154802,2154808,2154809,2154809,2154811,
          2154815,2154815,2154815,2154820,2154821,2154822,2154830,
          2154832,2154833,2154834,2154834,2154835,2154836,2154838,
          2154850,2154850,2154851,2154852,2154859,2154871,2154872,
          2154873,2154873,2154873,2154880,2154893,2154892,2154896,
          2154899,2154899,2154911,2154923,2154937,2154937,2154943,
          2154958,2154958,2154971,2154980,2155022,2155025,2155028,
          2155031,2155040,2155058,2155059,2155067,2155069,2155080,
          2155115,2155126,2155131,2155142,2155142,2155144,2155160,
          2155160,2155174,2155189,2155218,2155219,2155234,2155249,
          2155259,2155274,2155278,2155320,2155339,2155343,2155353,
          2155358,2155360,2155395,2155402,2155402,2155432,2155448,
          2155463,2155474,2155538,2155541,2155556,2155589,2155606,
          2155610,2155610,2155648,2155648,2155649,2155654,2155667,
          2155708,2155716,2155738,2155745,2155777,2155789,2155796,
          2155847,2155942,2155973,2155985,2155987,2156018,2156026,
          2156039,2156035,2156069,2156073,2156092,2156093,2156162,
          2515312,2516272,2517611,2518311,2518346,2518477,2518920,
          2519049,2519275,2519354,2521429,2726119,2726127,2726139,
          2726139,2726141,2726144,2726145,2726147,2726147,2726148,
          2726149,2726153,2726154,2726159,2726159,2726159,2726161,
          2726161,2726163,2726173,2726178,2726181,2726183,2726183,
          2726183,2726184,2726187,2726188,2726189,2726189,2726189,
          2726193,2726197,2726200,2726207,2726221,2726290,2726410,
          2726419,2726765,3153257,3505299,4007532,4007951,4247511),
  EMB = c(408610,409151,409273,409501,411760,412339,413499,413808,
          1415908,1416201,1416202,1416275,1416276,1416277,1416338,
          1416510,1416511,1416696,1416697,1416708,1416737,1416738,
          1416739,1416740,1416741,1416722,1416723,1416724,1416780,
          1416781,1416812,1416850,1416869,1416870,1416871,1416899,
          1416900,1416901,1416899,1416900,1416901,1417055,1417088,
          1417089,1417090,1417139,1417158,1417230,1417231,1417234,
          1417247,1417248,1417249,1417287,1417288,1417317,1417368,
          1417369,1417370,3489490,3490636,3645352,3644827,3647664,
          4239876,4240593,4240594,4240595,4240602,4240603,4240604,
          4240615,4240624,4240672,4240672,4240673,4240677,4240678,
          4240716,4240722,4240723,4240724,4240725,4240726,4240727,
          4240749,4240750,4240751,4240752,4240753,4240754,4240767,
          4240768,4240769,4240771,4240772,4240782,4240783,4240784,
          4240786,4240787,4240788,4240789,4240790,4240792,4240793,
          4240836,4240839,4240840,4240841,4240842,4240843,4240844,
          4241043,4242076,4242804,4243190,4243217,4243221,4243222,
          4243243,4243834,4244194,4244282,4244618,4245731,4245970,
          4247614,4247615,4247616,4247617,4247618,4247619,4247620,
          4247623,4247624,4247626,4247627,4247635,4247636,4247637,
          4247638,4247643,4247644,4247645,4247646,4247617,4247618,
          4247649,4247650,4247651,4247652,4247653,4247654,4247664,
          4247665,4247666,4247677,4247678,4247697,4247698,4247699,
          4247703,4247704,4247706,4247707,4247709,4247710,4247712,
          4247713,4247714,4247717,4247727,4247728,4247730,4247731,
          4247704,4247783,4247803,4247805,4247806,4247807,4247815,
          4247816,4247818,4247819,4247821,4247822,4247823,4247824,
          4247825,4247851,4247852,4247857,4247858,4247868,4247890,
          4247891,4247892,4247893,4247894,4247895,4247896,4247897,
          4247907,4247908,4247920,4247921,4247926,4247927,4248004,
          4248004,4248403,4248489,4248748,4249390,4249513,4249584,
          4246897,4247176,4247177,4247187,4247188,4247194,4247195,
          4247230,4247232,4247283,4247284,4247285,4247326,4247328,
          4247329,4247330,4247335,4247355,4247356,4247357,4247359,
          4247358,4247369,4247374,4247375,4247392,4247393,4247394,
          4247402,4247403,4247404,4247411,4247430,4247430,4247430,
          4247432,4247432,4247432,4247431,4247432,4247440,4247441,
          4247442,4247443,4247444,4247445,4247446,4247449,4247455,
          4247456,4247457,4247458,4247459,4247464,4246866,4247467,
          4247468,4247469,4247469,4247470,4247470,4247479,4247496,
          4247497,4247497,4247502,4247505,4247506,4247507,4247508,
          4247509,4247511,4247514,4247554,4247554,4247580,4247581,
          4247582,4247583,4247584,4247585,4247587,4247588,4247589,
          4247590,4247591,4247592,4247610),